000333 美的集团 日线 前复权
      日期	    开盘	    最高	    最低	    收盘	    成交量	    成交额
2013-09-18,8.80,10.37,8.63,9.26,38889754,1681303424.00
2013-09-23,9.17,10.39,8.85,10.32,31851606,1406017536.00
2013-09-24,10.13,10.31,9.84,9.90,20004514,901506368.00
2013-09-25,9.74,10.57,9.73,10.01,17165136,781787200.00
2013-09-26,9.91,10.02,9.32,9.47,14680801,640034816.00
2013-09-27,9.47,9.81,9.38,9.47,8561465,372250400.00
2013-09-30,9.46,9.68,9.43,9.53,7668272,331344576.00
2013-10-08,9.47,10.06,9.44,10.00,11112977,493442848.00
2013-10-09,9.91,10.14,9.73,9.91,8305418,370734080.00
2013-10-10,9.87,10.36,9.77,10.19,15625661,708889920.00
2013-10-11,10.27,10.28,10.07,10.14,7969766,363516960.00
2013-10-14,10.14,10.35,9.89,10.27,9646785,441424928.00
2013-10-15,10.27,10.27,9.96,10.04,9241988,419089536.00
2013-10-16,9.94,10.23,9.65,9.91,8918362,397199776.00
2013-10-17,9.91,10.03,9.79,9.90,5552669,247582784.00
2013-10-18,9.87,10.48,9.81,10.27,10420989,478846144.00
2013-10-21,10.32,10.83,10.18,10.76,13565868,638065984.00
2013-10-22,10.64,10.88,10.50,10.65,8214741,390719936.00
2013-10-23,10.66,10.91,10.24,10.29,8729030,407798432.00
2013-10-24,10.27,11.23,10.22,10.67,12218451,583397312.00
2013-10-25,10.65,11.03,10.56,10.72,10233626,490068576.00
2013-10-28,10.79,11.20,10.67,11.19,10446741,508354432.00
2013-10-29,11.09,11.25,10.80,11.05,9652552,469601280.00
2013-10-30,11.07,11.51,10.97,11.38,12128524,604865216.00
2013-10-31,11.51,11.55,10.78,10.91,10073288,491851072.00
2013-11-01,10.74,11.01,10.62,10.74,7205717,344516576.00
2013-11-04,10.69,10.93,10.69,10.80,4962214,238322432.00
2013-11-05,10.67,10.91,10.55,10.85,5475095,261530176.00
2013-11-06,10.79,10.86,10.32,10.47,6025131,284031680.00
2013-11-07,10.41,10.51,10.04,10.33,6205677,283865728.00
2013-11-08,10.21,10.32,10.09,10.18,3341133,153053744.00
2013-11-11,10.18,10.27,9.90,10.21,3580989,162564576.00
2013-11-12,10.23,10.54,10.13,10.36,6472993,301452128.00
2013-11-13,10.23,10.36,10.13,10.13,3048409,139594992.00
2013-11-14,10.15,10.35,9.91,10.27,5436007,246139984.00
2013-11-15,10.23,10.55,10.16,10.32,6421521,298879168.00
2013-11-18,10.36,10.55,10.29,10.50,4983041,232323744.00
2013-11-19,10.50,10.67,10.40,10.53,5316174,250109360.00
2013-11-20,10.66,10.66,10.38,10.45,4172673,195299680.00
2013-11-21,10.45,10.45,10.01,10.19,6602904,300714496.00
2013-11-22,10.23,10.49,10.18,10.42,4428863,205574944.00
2013-11-25,10.22,10.35,10.15,10.26,6320252,289730112.00
2013-11-26,10.24,10.59,10.19,10.58,7858305,367247552.00
2013-11-27,10.59,10.61,10.33,10.42,5417393,252670208.00
2013-11-28,10.43,10.79,10.43,10.71,7237994,343994304.00
2013-11-29,10.67,10.80,10.61,10.78,5125945,244627680.00
2013-12-02,10.54,10.58,10.27,10.30,6513376,304178432.00
2013-12-03,10.27,10.56,10.27,10.54,5606801,261874432.00
2013-12-04,10.53,10.91,10.48,10.78,5726006,274690880.00
2013-12-05,10.82,11.03,10.77,10.94,5473742,265569520.00
2013-12-06,10.96,10.97,10.73,10.91,3844333,185057344.00
2013-12-09,10.92,11.06,10.79,10.93,4707669,227857520.00
2013-12-10,11.01,11.46,11.01,11.25,10813891,538909440.00
2013-12-11,11.19,11.33,10.76,10.90,6295245,309155360.00
2013-12-12,10.85,11.20,10.71,11.15,4568478,221437136.00
2013-12-13,10.94,11.57,10.91,11.37,10987469,551962432.00
2013-12-16,11.37,11.73,11.28,11.31,9577462,485809120.00
2013-12-17,11.32,11.36,11.05,11.07,6405805,315460832.00
2013-12-18,11.06,11.47,10.93,11.46,6406127,318806464.00
2013-12-19,11.53,11.70,11.30,11.30,6346406,320375904.00
2013-12-20,11.23,11.87,11.18,11.81,20368231,1029695744.00
2013-12-23,11.65,11.79,11.34,11.43,7054117,357126336.00
2013-12-24,11.55,11.65,11.27,11.55,6575973,330453344.00
2013-12-25,11.60,11.63,11.37,11.44,4262422,215560128.00
2013-12-26,11.38,11.39,10.69,10.92,10590937,515988352.00
2013-12-27,10.80,11.41,10.75,11.27,7452613,366987488.00
2013-12-30,11.27,11.48,11.18,11.20,4380030,218806912.00
2013-12-31,11.18,11.36,10.87,11.33,5985944,294099104.00
2014-01-02,11.17,11.29,10.96,11.05,3946290,193220272.00
2014-01-03,10.91,11.01,10.56,10.82,7584577,362396320.00
2014-01-06,10.77,10.79,10.36,10.43,5992569,279878528.00
2014-01-07,10.32,10.58,10.32,10.39,3440935,160580656.00
2014-01-13,10.27,10.93,10.21,10.40,7394698,346958976.00
2014-01-14,10.40,10.82,10.35,10.80,5011533,237738080.00
2014-01-15,10.72,11.08,10.67,10.91,4306796,208692016.00
2014-01-16,10.90,11.08,10.75,10.89,4245118,205606080.00
2014-01-17,10.81,10.89,10.45,10.51,4019015,190432272.00
2014-01-20,10.50,10.76,10.40,10.67,3816813,180827664.00
2014-01-21,10.67,10.75,10.47,10.53,4335520,204014336.00
2014-01-22,10.55,10.79,10.49,10.74,4317868,205238256.00
2014-01-23,10.73,11.10,10.62,10.90,5500074,265863456.00
2014-01-24,10.90,11.14,10.75,10.96,5036662,245337712.00
2014-01-27,10.88,10.89,10.57,10.63,5422290,258565264.00
2014-01-28,10.75,10.87,10.61,10.78,3708992,177707760.00
2014-01-29,10.87,10.90,10.67,10.74,4006927,191411776.00
2014-01-30,10.77,10.77,10.40,10.50,5455584,256146016.00
2014-02-07,10.38,10.38,9.97,10.19,9233260,419470272.00
2014-02-10,10.18,10.53,10.11,10.41,7058080,327990400.00
2014-02-11,10.41,10.41,10.13,10.25,6658013,305636960.00
2014-02-12,10.27,10.58,10.18,10.47,6370454,296686592.00
2014-02-13,10.48,10.48,10.19,10.31,6856965,317109248.00
2014-02-14,10.24,10.41,10.22,10.34,3965343,182979760.00
2014-02-17,10.36,10.42,10.27,10.40,5650256,260881616.00
2014-02-18,10.37,10.37,10.18,10.26,4122529,189272112.00
2014-02-19,10.27,10.37,10.13,10.29,4387068,202089728.00
2014-02-20,10.28,10.31,9.92,9.98,8485159,383520512.00
2014-02-21,9.99,10.07,9.86,9.92,4792501,214409184.00
2014-02-24,9.87,9.89,8.75,9.18,13622311,569681728.00
2014-02-25,9.15,9.15,8.74,8.76,15201359,619138432.00
2014-02-26,8.69,8.72,8.40,8.47,11431274,450989056.00
2014-02-27,8.51,8.56,8.06,8.18,14095849,541012992.00
2014-02-28,8.19,8.39,8.07,8.38,7978905,308076480.00
2014-03-03,8.27,8.75,8.27,8.65,6523906,258418192.00
2014-03-04,8.56,8.56,8.25,8.37,5829695,226270208.00
2014-03-05,8.40,8.56,8.28,8.35,4445050,173812816.00
2014-03-06,8.35,8.94,8.30,8.84,11662673,468521568.00
2014-03-07,8.85,9.02,8.75,8.80,5513560,225197536.00
2014-03-10,8.67,9.17,8.60,8.84,10274375,423278112.00
2014-03-11,8.95,9.38,8.95,9.14,10879544,457655968.00
2014-03-12,9.27,9.32,9.03,9.22,6409232,268506560.00
2014-03-13,9.23,9.30,9.03,9.15,4887819,204431520.00
2014-03-14,9.14,9.27,8.94,9.15,4250563,177624032.00
2014-03-17,9.17,9.48,9.05,9.47,7580905,321709312.00
2014-03-18,9.65,9.68,9.22,9.23,7197754,306533792.00
2014-03-19,9.17,9.20,8.80,8.94,5273720,216781120.00
2014-03-20,8.94,9.11,8.55,8.61,7425367,299716608.00
2014-03-21,8.61,8.95,8.61,8.89,4279616,173385632.00
2014-03-24,8.82,9.03,8.75,8.98,4198265,171713632.00
2014-03-25,8.93,9.21,8.85,9.05,4006743,166315504.00
2014-03-26,9.04,9.33,9.04,9.27,4138661,174364928.00
2014-03-27,9.27,9.32,9.13,9.23,4038076,170231824.00
2014-03-28,9.26,9.60,9.26,9.43,7861031,337750208.00
2014-03-31,10.57,10.57,9.94,10.02,32394664,1495925760.00
2014-04-01,10.02,10.65,9.81,10.54,24292441,1127692928.00
2014-04-02,10.58,10.76,10.32,10.35,16536316,771714368.00
2014-04-03,10.40,10.66,10.10,10.29,17307908,804169472.00
2014-04-04,10.18,10.36,10.01,10.27,12139030,555344064.00
2014-04-08,10.24,10.54,10.11,10.47,15452763,718320768.00
2014-04-09,10.53,10.65,10.41,10.49,13011942,610865920.00
2014-04-10,10.54,10.55,10.27,10.42,13733126,638814208.00
2014-04-11,10.45,10.87,10.43,10.77,21234877,1011449984.00
2014-04-14,10.73,10.79,10.56,10.62,10648103,505394752.00
2014-04-15,10.66,10.66,10.21,10.24,12848818,595582848.00
2014-04-16,10.16,10.31,10.16,10.31,6653570,305679104.00
2014-04-17,10.32,10.50,10.32,10.36,6163692,287072384.00
2014-04-18,10.29,10.49,10.19,10.45,5463762,253230784.00
2014-04-21,10.32,10.44,10.24,10.27,6780069,313220640.00
2014-04-22,10.24,10.31,9.77,10.04,11551874,519669824.00
2014-04-23,10.22,10.51,10.19,10.29,10679217,495039648.00
2014-04-24,10.26,10.61,10.14,10.58,11668019,544749632.00
2014-04-25,10.64,10.69,10.47,10.54,9257239,436514880.00
2014-04-28,10.53,10.59,10.00,10.38,9554304,438749344.00
2014-04-29,10.45,10.77,10.24,10.53,18898228,889389056.00
2014-04-30,10.45,10.46,9.96,10.05,27266615,477911360.00
2014-05-05,10.02,10.33,9.74,10.23,21753274,373521696.00
2014-05-06,10.13,10.27,9.90,9.97,16311170,282295296.00
2014-05-07,9.90,9.91,9.65,9.67,19678369,331937440.00
2014-05-08,9.65,10.00,9.54,9.76,18181371,307329056.00
2014-05-09,9.73,9.99,9.65,9.95,15784010,267805024.00
2014-05-13,10.09,10.27,9.95,10.00,17418500,302106720.00
2014-05-14,9.97,10.14,9.89,10.05,11312073,194726032.00
2014-05-15,9.94,10.01,9.82,9.87,14727148,251184080.00
2014-05-16,9.83,9.97,9.81,9.93,7755588,131990808.00
2014-05-19,9.73,9.83,9.54,9.61,13631941,226902016.00
2014-05-20,9.70,9.85,9.48,9.59,10190460,169399520.00
2014-05-21,9.51,9.63,9.41,9.58,8026694,132486376.00
2014-05-22,9.59,9.85,9.56,9.71,13124680,220767312.00
2014-05-23,9.68,9.85,9.67,9.80,6367841,107501560.00
2014-05-26,9.86,10.01,9.75,9.87,11055121,188275440.00
2014-05-27,9.89,9.95,9.81,9.83,8770007,149169472.00
2014-05-28,9.83,10.14,9.73,10.09,18277634,313602048.00
2014-05-29,10.04,10.26,10.04,10.08,13825024,241014496.00
2014-05-30,10.09,10.23,10.08,10.15,10916008,190497328.00
2014-06-03,10.18,10.43,10.17,10.29,11990267,212061216.00
2014-06-04,10.31,10.33,10.00,10.08,9268427,161046976.00
2014-06-05,10.07,10.26,9.99,10.19,8846945,154040848.00
2014-06-06,10.19,10.32,10.13,10.20,7765464,136259808.00
2014-06-09,10.31,10.43,10.12,10.25,11145844,196866688.00
2014-06-10,10.28,10.78,10.28,10.71,33065042,596238080.00
2014-06-11,10.67,10.81,10.55,10.76,19235725,351856672.00
2014-06-12,10.73,10.91,10.61,10.82,18973154,349885760.00
2014-06-13,10.87,11.39,10.87,11.25,29482903,561738432.00
2014-06-16,11.25,11.38,11.12,11.26,22383940,427953888.00
2014-06-17,11.26,11.26,10.83,10.89,22029781,412162272.00
2014-06-18,10.87,10.97,10.67,10.75,12794076,235716464.00
2014-06-19,10.75,10.89,10.58,10.85,15163221,277827104.00
2014-06-20,10.80,10.87,10.67,10.78,14334880,263139552.00
2014-06-23,10.82,10.85,10.52,10.53,18846585,342704672.00
2014-06-24,10.55,10.75,10.41,10.71,11460184,207800640.00
2014-06-25,10.73,10.75,10.54,10.72,11074109,201384016.00
2014-06-26,10.72,11.04,10.67,10.98,12718902,236114256.00
2014-06-27,10.99,11.37,10.94,11.33,22721156,433543072.00
2014-06-30,11.34,11.71,11.31,11.41,21897483,425902560.00
2014-07-01,11.39,11.39,11.05,11.13,20460096,387643360.00
2014-07-02,11.14,11.45,11.13,11.40,20539917,394569568.00
2014-07-03,11.33,11.71,11.30,11.57,18693234,366741344.00
2014-07-04,11.55,11.63,11.41,11.57,11167221,217746176.00
2014-07-07,11.57,11.57,11.27,11.35,12343791,237354960.00
2014-07-08,11.35,11.46,11.11,11.45,14699808,280774720.00
2014-07-09,11.40,11.41,11.10,11.19,11777864,224093024.00
2014-07-10,11.15,11.25,11.09,11.10,9179462,173468304.00
2014-07-11,11.07,11.24,10.97,11.20,13970186,264004192.00
2014-07-14,11.19,11.29,11.00,11.27,13777834,259984672.00
2014-07-15,11.41,11.60,11.32,11.40,17368896,336158624.00
2014-07-16,11.44,11.44,11.14,11.21,10351296,197410320.00
2014-07-17,11.21,11.30,11.13,11.21,7502005,142503920.00
2014-07-18,11.13,11.40,11.07,11.37,13017917,249317184.00
2014-07-21,11.34,11.52,11.31,11.35,10922202,211067008.00
2014-07-22,11.29,11.57,11.29,11.41,14758162,286586784.00
2014-07-23,11.41,11.52,11.29,11.44,12177776,234917264.00
2014-07-24,11.44,11.97,11.43,11.93,33685363,667305280.00
2014-07-25,11.97,12.10,11.81,12.00,20875503,420956576.00
2014-07-28,12.10,12.60,12.03,12.55,29942430,621315136.00
2014-07-29,12.60,12.83,12.40,12.47,23137218,487003200.00
2014-07-30,12.44,12.66,12.29,12.37,16730802,348585472.00
2014-07-31,12.37,12.80,12.32,12.79,17369542,366621472.00
2014-08-01,12.74,13.20,12.67,12.84,20773805,448924352.00
2014-08-04,12.84,13.17,12.84,13.15,17023942,369586016.00
2014-08-05,13.15,13.32,12.94,13.03,20265131,442545600.00
2014-08-06,12.95,12.96,12.59,12.73,22883444,486200000.00
2014-08-07,12.73,12.87,12.44,12.48,24027691,507362144.00
2014-08-08,12.47,12.73,12.47,12.67,14042749,296334496.00
2014-08-11,12.67,12.78,12.59,12.73,14215701,301969120.00
2014-08-12,12.71,12.71,12.48,12.53,20833584,437355872.00
2014-08-13,12.51,12.67,12.48,12.59,14055961,295815840.00
2014-08-14,12.60,12.71,12.45,12.56,12292236,258775056.00
2014-08-15,12.57,12.68,12.50,12.63,12492294,263661232.00
2014-08-18,12.68,12.94,12.68,12.89,15187348,325124320.00
2014-08-19,13.19,13.39,13.07,13.13,29747331,655245312.00
2014-08-20,13.15,13.22,12.97,13.15,15353391,335355808.00
2014-08-21,13.09,13.12,12.85,13.10,17737408,384433056.00
2014-08-22,13.10,13.73,13.05,13.64,28246001,633692160.00
2014-08-25,13.67,13.69,13.40,13.45,14404026,323359392.00
2014-08-26,13.40,13.43,12.99,13.13,17533485,385078048.00
2014-08-27,13.13,13.34,13.09,13.27,10147588,223814800.00
2014-08-28,13.28,13.30,13.04,13.07,12905541,282559104.00
2014-08-29,13.08,13.27,13.05,13.20,6834499,149869232.00
2014-09-01,13.19,13.40,13.07,13.35,10760479,238085728.00
2014-09-02,13.37,13.49,13.30,13.44,18414539,410640960.00
2014-09-03,13.45,13.56,13.31,13.41,21104512,470988384.00
2014-09-04,13.37,13.37,13.15,13.22,29144131,641314560.00
2014-09-05,13.23,13.37,13.20,13.37,20898472,462841184.00
2014-09-09,13.37,13.41,13.13,13.18,17677094,388660864.00
2014-09-10,13.13,13.13,12.89,12.92,24581210,532903616.00
2014-09-11,12.92,13.12,12.79,12.83,26731446,576701504.00
2014-09-12,12.81,12.95,12.79,12.93,13222471,283989728.00
2014-09-15,12.83,12.83,12.39,12.57,32137879,675610240.00
2014-09-16,12.53,12.64,12.35,12.36,20126228,420711904.00
2014-09-17,12.53,12.53,12.33,12.47,11769439,244946400.00
2014-09-18,12.40,12.66,12.35,12.52,16288029,341002432.00
2014-09-19,12.53,12.55,12.14,12.41,17639032,365997056.00
2014-09-22,12.37,12.37,12.01,12.03,24076496,490006688.00
2014-09-23,12.00,12.17,11.94,12.13,15866232,322241056.00
2014-09-24,12.13,12.37,12.03,12.33,21678315,444010464.00
2014-09-25,12.37,12.57,12.34,12.38,19178809,399710656.00
2014-09-26,12.33,12.35,12.14,12.23,13260025,272262240.00
2014-09-29,12.12,12.16,11.67,11.74,58352873,1160256256.00
2014-09-30,11.75,11.83,11.68,11.79,20026996,396879616.00
2014-10-08,11.83,12.06,11.81,12.06,24190755,486573184.00
2014-10-09,12.09,12.18,11.95,12.02,18472230,374680736.00
2014-10-10,11.97,12.04,11.87,11.90,17755804,356663712.00
2014-10-13,11.83,11.85,11.60,11.81,18133261,358653792.00
2014-10-14,11.78,11.84,11.70,11.78,13716955,272146624.00
2014-10-15,11.75,11.99,11.75,11.95,19314527,386898528.00
2014-10-16,11.87,12.15,11.81,12.03,27265863,551678016.00
2014-10-17,12.07,12.20,11.91,12.14,24324812,493682752.00
2014-10-20,12.24,12.38,12.09,12.16,18254209,374414880.00
2014-10-21,12.13,12.21,11.96,11.97,14236804,289347104.00
2014-10-22,11.97,12.20,11.94,12.14,15204845,309262016.00
2014-10-23,12.15,12.31,12.02,12.06,18539980,379641888.00
2014-10-24,12.10,12.10,11.67,11.87,21758729,433891584.00
2014-10-27,11.77,11.77,11.47,11.57,17452485,341714592.00
2014-10-28,11.60,11.79,11.59,11.77,14295847,282236256.00
2014-10-29,11.83,12.20,11.71,12.16,28175976,566019840.00
2014-10-30,12.17,12.23,11.93,11.96,22421591,454077088.00
2014-10-31,11.97,12.51,11.97,12.47,50759890,1048196544.00
2014-11-03,12.47,12.57,12.37,12.41,25264040,527023776.00
2014-11-04,12.41,12.41,12.17,12.30,22041243,454300512.00
2014-11-05,12.27,12.49,12.21,12.26,16282627,337430368.00
2014-11-06,12.27,12.36,11.92,12.02,28249464,572173120.00
2014-11-07,12.03,12.34,11.99,12.34,40603869,832550912.00
2014-11-10,12.41,13.01,12.27,13.00,55412709,1186099712.00
2014-11-11,13.04,13.19,12.75,13.10,60022711,1307188992.00
2014-11-12,13.11,13.52,12.94,13.34,35115726,777630464.00
2014-11-13,13.33,13.51,13.00,13.38,37529036,830110400.00
2014-11-14,13.30,13.50,13.19,13.30,26676138,591775936.00
2014-11-17,13.29,13.45,13.04,13.19,30596965,673208384.00
2014-11-18,13.11,13.18,12.69,12.81,23480725,505901088.00
2014-11-19,12.75,12.89,12.69,12.80,11780515,252146960.00
2014-11-20,12.73,12.79,12.62,12.77,11055839,234770864.00
2014-11-21,12.73,13.19,12.70,13.07,15963612,345562944.00
2014-11-24,13.53,13.55,13.12,13.28,33626687,746108864.00
2014-11-25,13.28,13.40,13.08,13.39,27006818,594468864.00
2014-11-26,13.39,13.53,13.20,13.47,30689736,681911296.00
2014-11-27,13.47,13.57,13.27,13.37,32629918,727138496.00
2014-11-28,13.33,13.38,12.97,13.27,31871006,697570752.00
2014-12-01,13.27,14.44,13.24,14.10,60456065,1409387392.00
2014-12-02,14.09,15.09,13.91,14.89,58727638,1415482624.00
2014-12-03,15.09,16.23,14.74,15.33,81694968,2085027840.00
2014-12-04,15.58,15.91,15.02,15.63,45637574,1160537856.00
2014-12-05,15.83,15.87,14.60,15.00,59345292,1480129280.00
2014-12-15,16.65,16.65,15.80,15.99,136735990,3634176768.00
2014-12-16,16.07,16.19,15.54,15.77,54345660,1405624704.00
2014-12-17,15.72,15.77,15.21,15.51,45381095,1153433600.00
2014-12-18,15.51,17.20,15.47,17.13,79474729,2153946368.00
2014-12-19,17.13,17.45,16.75,16.95,49447512,1374487040.00
2014-12-22,16.79,17.46,16.35,17.10,48149718,1320646144.00
2014-12-23,16.99,18.53,16.73,17.43,68282305,1978414080.00
2014-12-24,17.51,17.69,16.85,16.97,41371957,1156965632.00
2014-12-25,17.03,17.57,16.53,16.99,39073180,1083890816.00
2014-12-26,17.07,17.66,16.61,17.42,42035900,1168808576.00
2014-12-29,17.47,18.07,16.73,16.96,41842144,1175422336.00
2014-12-30,17.00,17.01,16.21,16.43,40508324,1094935808.00
2014-12-31,16.43,16.87,16.33,16.83,34814204,946378240.00
2015-01-05,17.12,18.60,17.12,18.45,97408991,2869142784.00
2015-01-06,18.44,20.19,18.17,19.67,87127770,2743939072.00
2015-01-07,19.68,20.09,19.15,19.63,36827428,1158683520.00
2015-01-08,19.51,20.37,19.13,19.93,53117488,1697994880.00
2015-01-09,19.85,20.40,19.26,19.27,43316849,1390729216.00
2015-01-12,19.25,20.30,18.87,19.88,43823471,1396137856.00
2015-01-13,19.87,20.85,19.54,20.67,45576502,1491650048.00
2015-01-14,20.79,20.80,19.47,19.79,36526991,1177625984.00
2015-01-15,19.77,20.17,19.23,19.90,30902757,978807936.00
2015-01-16,19.87,19.90,19.30,19.52,37834397,1188067584.00
2015-01-19,18.53,19.20,17.42,18.18,61883378,1831044736.00
2015-01-20,18.21,19.11,18.19,18.87,44534828,1341859200.00
2015-01-21,18.91,19.48,18.59,19.32,38473000,1182623488.00
2015-01-22,19.33,19.45,18.87,19.11,26107290,806314048.00
2015-01-23,19.13,19.39,18.74,18.87,26872719,822756800.00
2015-01-26,19.07,19.26,18.89,19.07,24519211,755111168.00
2015-01-27,19.21,19.40,18.70,19.10,35751833,1102678144.00
2015-01-28,18.83,19.07,18.57,18.79,22639316,688043456.00
2015-01-29,18.29,18.73,18.27,18.47,23934492,714512256.00
2015-01-30,18.51,19.13,18.50,18.55,26077875,794075648.00
2015-02-02,18.20,18.49,17.79,17.79,23259089,681058816.00
2015-02-03,18.17,18.20,17.87,18.11,17933455,524301376.00
2015-02-04,18.37,18.71,18.07,18.07,20930397,624896128.00
2015-02-05,18.53,18.86,17.87,17.87,29547882,881037120.00
2015-02-06,17.87,18.35,17.54,17.94,15643109,456274560.00
2015-02-09,17.99,18.53,17.87,18.24,18004002,531394688.00
2015-02-10,18.47,18.92,18.33,18.83,23668571,716106944.00
2015-02-11,19.07,19.07,18.68,18.78,16115712,491666592.00
2015-02-12,18.87,19.04,18.64,18.79,13467539,409651072.00
2015-02-13,18.87,19.04,18.63,18.75,22937091,697578112.00
2015-02-16,18.83,18.87,18.53,18.65,19525981,589192000.00
2015-02-17,18.73,19.76,18.60,19.59,38347961,1197468800.00
2015-02-25,19.80,20.10,19.40,19.73,36733475,1169279104.00
2015-02-26,19.64,19.73,19.28,19.70,18684346,588438208.00
2015-02-27,19.67,19.85,19.33,19.51,19939362,628723840.00
2015-03-02,19.56,19.75,19.29,19.51,26377669,829426880.00
2015-03-03,19.31,19.55,18.73,18.76,28407783,876160832.00
2015-03-04,18.73,19.29,18.63,19.07,24591449,754765696.00
2015-03-05,18.67,18.86,18.20,18.33,34709544,1034165952.00
2015-03-06,18.37,18.50,18.00,18.15,21417572,631626240.00
2015-03-09,17.87,18.53,17.73,18.52,25717020,754379072.00
2015-03-10,18.43,18.75,18.31,18.41,18973677,567670976.00
2015-03-11,18.41,19.18,18.41,19.18,32050462,984717504.00
2015-03-12,19.41,19.45,18.97,18.99,20273051,626647872.00
2015-03-13,18.99,19.53,18.93,19.20,19703512,610843520.00
2015-03-16,19.33,19.60,19.00,19.53,24284228,759688512.00
2015-03-17,19.70,19.72,19.33,19.51,29110958,914548672.00
2015-03-18,19.67,19.87,19.41,19.86,37977215,1202635520.00
2015-03-19,19.99,20.32,19.66,19.87,34273180,1097843456.00
2015-03-20,19.77,20.07,19.51,19.54,31521775,997473408.00
2015-03-23,19.74,20.25,19.60,20.01,31957728,1027188096.00
2015-03-24,20.27,20.39,19.55,19.93,39188921,1251489024.00
2015-03-25,19.60,19.75,19.47,19.56,28349878,894341760.00
2015-03-31,21.66,21.66,20.21,20.50,75600452,2544112384.00
2015-04-01,20.53,21.53,20.33,21.32,47880133,1625659264.00
2015-04-02,21.58,21.65,20.82,21.36,40829397,1388517376.00
2015-04-03,21.29,21.29,20.83,21.12,36814454,1241541760.00
2015-04-07,21.41,21.79,21.01,21.30,48914359,1669415808.00
2015-04-08,21.37,21.39,20.74,21.14,37363989,1263790208.00
2015-04-09,21.14,21.17,20.22,20.45,40755073,1347286912.00
2015-04-10,20.15,20.93,20.15,20.88,35420757,1173751424.00
2015-04-13,21.00,21.37,20.40,20.53,72082948,2402703104.00
2015-04-14,20.52,20.83,20.29,20.67,42832251,1414253568.00
2015-04-15,20.63,20.63,19.89,19.89,41864167,1364833408.00
2015-04-16,19.89,20.80,19.77,20.80,42619132,1403986944.00
2015-04-17,21.30,22.87,20.99,22.39,78378234,2753413376.00
2015-04-20,22.33,22.86,21.62,21.93,57472197,2037619456.00
2015-04-21,22.19,23.30,21.99,23.20,57130309,2084685440.00
2015-04-22,23.67,24.45,23.20,23.21,55425353,2090318080.00
2015-04-23,23.23,23.53,22.65,22.89,36886226,1348921216.00
2015-04-24,22.70,23.18,22.40,22.67,33808178,1226160128.00
2015-04-27,22.93,23.49,22.64,22.92,33569165,1229272960.00
2015-04-28,23.52,24.45,23.03,23.45,81213187,3077442816.00
2015-04-29,23.75,24.11,23.38,23.50,46196056,1737329664.00
2015-04-30,23.39,24.31,23.20,23.85,54409365,2013059456.00
2015-05-04,23.83,23.84,23.13,23.25,37443021,1354295680.00
2015-05-05,23.13,23.19,21.78,21.93,41778503,1448340864.00
2015-05-06,22.40,22.49,21.81,21.95,35435003,1220652160.00
2015-05-07,21.87,22.62,21.68,22.45,28520621,982493568.00
2015-05-08,22.87,23.11,22.37,22.67,34991257,1233945856.00
2015-05-11,22.60,22.97,22.25,22.97,40356486,1418239360.00
2015-05-12,23.00,23.32,22.60,22.84,32285610,1144930432.00
2015-05-13,22.90,23.53,22.67,23.13,38728922,1388811776.00
2015-05-14,23.05,23.30,22.70,22.81,23474537,835156544.00
2015-05-15,22.70,22.73,21.84,22.00,26969868,927394560.00
2015-05-18,21.87,21.87,21.29,21.34,30773506,1028329344.00
2015-05-19,21.42,22.53,21.40,22.42,35521083,1217427328.00
2015-05-20,22.93,23.57,22.68,23.09,48865405,1757078656.00
2015-05-21,23.52,24.85,23.52,24.60,49851521,1877053056.00
2015-05-22,24.73,24.90,23.88,24.61,35661092,1349015808.00
2015-05-25,24.63,25.09,24.20,24.92,37949597,1454409600.00
2015-05-26,24.92,26.86,24.91,26.25,49675847,2002994816.00
2015-05-27,26.27,26.58,25.46,25.62,33975049,1357280896.00
2015-05-28,25.62,25.87,23.73,23.76,39237335,1510353280.00
2015-05-29,23.77,24.20,22.73,23.87,42695899,1568373504.00
2015-06-01,23.94,24.87,23.85,24.80,34768076,1322991744.00
2015-06-02,24.81,24.93,24.13,24.83,36818747,1398865664.00
2015-06-03,24.83,25.60,24.76,25.27,41423504,1614196096.00
2015-06-04,25.20,25.20,22.69,24.55,36413101,1358142336.00
2015-06-05,24.71,25.19,23.83,24.32,45745356,1742067840.00
2015-06-08,24.35,25.52,24.00,25.45,63114809,2440146688.00
2015-06-09,25.47,25.75,24.67,24.95,41610362,1627174912.00
2015-06-10,24.61,25.45,24.40,25.05,33060813,1279451904.00
2015-06-11,25.05,25.37,24.34,24.59,30427905,1164746112.00
2015-06-12,24.59,24.99,24.23,24.45,36525158,1388734976.00
2015-06-15,24.49,24.59,23.44,23.54,43517491,1608845696.00
2015-06-16,23.58,23.96,23.02,23.50,33203355,1209704192.00
2015-06-17,23.70,24.00,23.21,23.85,25990068,950098880.00
2015-06-18,23.85,23.96,23.11,23.14,30265565,1103264256.00
2015-06-19,23.06,23.76,21.20,22.55,35452538,1271766016.00
2015-06-23,22.52,24.63,22.40,24.53,52787032,1937786880.00
2015-06-24,24.57,25.20,24.07,25.09,51962160,1989228928.00
2015-06-25,25.27,25.79,23.20,23.67,57041384,2181446400.00
2015-06-26,23.07,23.61,21.33,22.14,52991654,1844983552.00
2015-06-29,23.20,23.63,20.87,22.07,90937483,3191557632.00
2015-06-30,22.05,24.12,21.73,24.05,75078868,2693630464.00
2015-07-01,23.87,24.40,22.88,22.93,48541700,1794035072.00
2015-07-02,23.33,23.53,21.65,23.19,48577902,1719085184.00
2015-07-03,23.20,23.20,21.04,21.40,60874387,2089743232.00
2015-07-06,23.57,23.57,21.19,22.53,75178048,2585614592.00
2015-07-07,21.87,22.49,21.13,22.02,77361419,2625066240.00
2015-07-08,19.74,20.20,19.74,19.74,115388476,3574854400.00
2015-07-09,19.74,21.79,18.53,21.79,62243192,2013181056.00
2015-07-10,21.87,24.05,21.79,24.03,72185400,2651565312.00
2015-07-13,24.06,25.45,23.45,24.59,78097567,2958227968.00
2015-07-14,24.09,24.23,23.21,23.23,52213203,1909335168.00
2015-07-15,22.83,23.53,21.74,23.20,36258369,1268218368.00
2015-07-16,23.20,23.47,22.45,22.93,30862238,1105386624.00
2015-07-17,23.28,23.83,22.93,23.48,35328116,1277383552.00
2015-07-20,23.57,23.57,22.73,22.95,29121421,1046133952.00
2015-07-21,22.57,22.87,22.44,22.55,21271203,747400384.00
2015-07-22,22.81,23.04,21.93,22.11,36019291,1250358912.00
2015-07-23,22.07,22.53,21.87,22.43,31869269,1104377600.00
2015-07-24,22.43,22.87,22.00,22.11,30540891,1067331968.00
2015-07-27,21.81,22.01,19.87,20.20,44932006,1488742784.00
2015-07-28,19.78,21.57,19.57,21.12,56326708,1814197760.00
2015-07-29,21.20,21.55,20.89,21.48,28478986,939612416.00
2015-07-30,21.45,21.72,20.60,20.70,20397588,675772288.00
2015-07-31,20.37,21.34,20.27,21.30,32407553,1060298560.00
2015-08-03,20.92,21.87,20.85,21.87,31154772,1035419200.00
2015-08-04,21.82,21.93,21.23,21.91,22825969,769591040.00
2015-08-05,22.87,23.19,22.07,22.14,35487734,1247682304.00
2015-08-06,21.73,22.20,21.21,21.75,17598970,594223360.00
2015-08-07,22.06,22.20,21.73,22.01,14913699,510442112.00
2015-08-10,22.01,22.61,21.60,22.50,30259810,1038542976.00
2015-08-11,22.33,22.50,22.15,22.27,24720311,856974720.00
2015-08-12,22.27,22.49,21.53,21.54,22699831,776570560.00
2015-08-13,21.47,21.78,21.20,21.62,15754251,526669888.00
2015-08-14,21.63,21.66,21.33,21.40,17502360,585784896.00
2015-08-17,21.36,21.36,20.87,20.99,17147961,560748480.00
2015-08-18,20.99,21.19,19.66,19.82,25517502,816157632.00
2015-08-19,19.58,20.13,19.20,20.05,25889059,796330880.00
2015-08-20,19.57,19.85,19.21,19.21,24042295,727157504.00
2015-08-21,18.99,19.19,17.87,17.92,30028068,868411392.00
2015-08-24,17.19,17.19,16.05,16.05,52360311,1331971328.00
2015-08-25,15.11,16.65,14.75,15.04,54896159,1355341696.00
2015-08-26,15.32,16.61,15.12,16.02,54967201,1383446144.00
2015-08-27,16.67,16.95,15.98,16.89,40262972,1051756032.00
2015-08-28,17.01,17.65,16.94,17.43,36457571,991774784.00
2015-08-31,17.73,18.39,16.90,18.39,49991081,1384090624.00
2015-09-01,17.86,18.45,17.41,18.42,48440981,1367208704.00
2015-09-02,17.77,18.51,17.41,18.37,64347291,1821117184.00
2015-09-07,18.23,18.53,17.01,17.11,43830923,1216507776.00
2015-09-08,16.97,17.52,16.61,17.47,20686655,556197312.00
2015-09-09,17.47,18.02,17.29,17.80,26777285,743461504.00
2015-09-10,17.55,17.72,17.42,17.44,14092056,387788480.00
2015-09-11,17.49,17.57,17.29,17.37,9503818,259649584.00
2015-09-14,17.47,17.48,16.20,16.54,24433888,641743872.00
2015-09-15,16.45,16.45,15.67,15.87,20303484,510613856.00
2015-09-16,16.00,17.19,15.85,16.96,20269228,521919840.00
2015-09-17,16.88,17.00,16.07,16.20,19481563,512478656.00
2015-09-18,16.32,16.51,16.27,16.45,11668951,301106464.00
2015-09-21,16.23,16.91,16.21,16.89,13657649,355562304.00
2015-09-22,16.80,17.17,16.79,16.97,15591573,416417408.00
2015-09-23,16.80,16.80,16.39,16.43,12130958,316300448.00
2015-09-24,16.58,16.91,16.44,16.62,12004218,315204768.00
2015-09-25,16.54,16.57,15.83,15.93,18559580,469431648.00
2015-09-28,15.95,15.97,15.69,15.93,10799093,269359232.00
2015-09-29,15.73,15.82,15.51,15.58,11615717,286236736.00
2015-09-30,15.68,16.12,15.68,16.02,12239911,307349088.00
2015-10-08,16.87,17.69,16.87,17.27,37937094,1030189056.00
2015-10-09,17.23,17.37,17.03,17.27,14428276,390128320.00
2015-10-12,17.35,18.12,17.20,18.06,27868677,774116736.00
2015-10-13,18.00,18.00,17.62,17.81,17334722,483528288.00
2015-10-14,17.61,17.69,17.13,17.18,20817983,566828928.00
2015-10-15,17.16,17.57,17.09,17.55,20791003,565110528.00
2015-10-16,17.47,17.92,17.40,17.64,22177382,614033664.00
2015-10-19,17.67,17.72,17.28,17.48,20203015,555874240.00
2015-10-20,17.47,17.55,17.33,17.53,14827495,405439520.00
2015-10-21,17.60,17.77,16.91,16.98,22840290,622333888.00
2015-10-22,16.90,17.19,16.87,17.17,17596734,470640800.00
2015-10-23,17.25,17.69,17.25,17.59,19668186,540536704.00
2015-10-26,18.01,18.07,17.57,17.73,22144343,616032512.00
2015-10-27,17.48,17.71,17.10,17.45,19402375,527449216.00
2015-10-28,17.49,17.49,16.95,17.06,24692178,665857536.00
2015-10-29,17.21,17.79,17.03,17.71,32052941,873601664.00
2015-10-30,17.61,18.13,17.39,17.87,28765588,804238400.00
2015-11-02,17.65,18.51,17.59,18.12,28336160,810188672.00
2015-11-03,18.12,18.25,17.80,17.99,15305351,432520992.00
2015-11-04,17.99,18.79,17.97,18.77,28064575,815220480.00
2015-11-05,18.77,19.55,18.57,19.23,39684055,1187986432.00
2015-11-06,19.11,19.35,19.00,19.28,25523951,765096832.00
2015-11-09,19.27,19.87,19.22,19.40,26975435,821175104.00
2015-11-10,19.24,19.35,18.83,18.95,23258701,692802432.00
2015-11-11,19.00,19.03,18.69,18.83,17340451,510869056.00
2015-11-12,18.96,19.10,18.81,19.02,14703937,436293440.00
2015-11-13,18.81,18.82,18.41,18.53,20128419,585517568.00
2015-11-16,18.33,18.47,18.21,18.40,29743834,852226624.00
2015-11-17,18.53,18.85,18.41,18.54,32210345,940608896.00
2015-11-18,18.61,18.64,18.09,18.10,30147848,863942336.00
2015-11-19,18.13,18.25,17.80,18.18,35089474,991226944.00
2015-11-20,18.19,18.23,17.81,17.99,40774150,1148034304.00
2015-11-23,17.98,18.12,17.80,17.93,25663306,722055680.00
2015-11-24,17.96,18.25,17.88,18.20,19402960,547501696.00
2015-11-25,18.19,18.25,17.93,18.06,31692169,896717568.00
2015-11-26,18.13,18.49,18.07,18.29,31111582,890293568.00
2015-11-27,18.16,18.18,17.20,17.27,28239940,785533120.00
2015-11-30,17.39,17.43,16.65,17.09,21306430,571032640.00
2015-12-01,17.11,18.01,16.87,17.75,24238541,666026176.00
2015-12-02,17.72,19.42,17.60,18.73,58529163,1709867392.00
2015-12-03,18.59,18.83,18.40,18.60,22658944,660217152.00
2015-12-04,18.44,18.79,18.23,18.59,24958190,724199296.00
2015-12-07,18.62,18.95,18.29,18.74,23481550,686734208.00
2015-12-08,18.55,18.55,17.90,17.99,18228108,518709856.00
2015-12-09,17.91,18.50,17.91,18.21,18739548,536198976.00
2015-12-10,18.27,18.84,18.25,18.45,30528259,891339968.00
2015-12-11,18.47,18.88,18.24,18.79,23987307,699824320.00
2015-12-14,18.65,19.36,18.55,19.23,33349745,996293440.00
2015-12-15,19.19,19.40,18.91,19.23,22226396,665497664.00
2015-12-16,19.23,19.27,19.00,19.05,11969167,357186016.00
2015-12-17,19.12,19.63,19.12,19.32,20260577,614293568.00
2015-12-18,19.32,19.52,18.87,19.01,16047235,480553888.00
2015-12-21,19.07,20.92,19.01,20.45,46886750,1482978688.00
2015-12-22,20.45,21.12,20.28,20.83,27299101,881777984.00
2015-12-23,20.67,21.39,20.45,20.83,32333920,1064031744.00
2015-12-24,20.82,20.82,19.98,20.33,16999229,538114880.00
2015-12-25,20.37,20.69,20.35,20.63,11185471,357723552.00
2015-12-28,20.68,20.87,19.87,19.87,20393580,647355456.00
2015-12-29,19.90,21.85,19.64,21.26,36755288,1191961472.00
2015-12-30,21.21,22.07,21.12,21.49,44558105,1502908288.00
2015-12-31,21.50,21.59,20.90,21.08,17833301,589581696.00
2016-01-04,21.08,21.32,18.89,19.01,20033877,637157824.00
2016-01-05,19.01,20.19,18.89,20.09,31216593,962833792.00
2016-01-06,20.05,20.50,19.81,20.26,20197645,634290688.00
2016-01-07,19.80,19.85,18.45,18.56,6375400,191155840.00
2016-01-08,19.34,19.59,18.35,19.07,37458179,1117506944.00
2016-01-11,18.53,18.89,17.99,18.13,28231103,816072640.00
2016-01-12,18.28,18.65,17.99,18.41,21424986,616486976.00
2016-01-13,18.57,19.15,18.23,18.53,19005027,555836416.00
2016-01-14,17.88,19.05,17.87,18.93,26566028,773073088.00
2016-01-15,18.93,19.08,17.93,18.13,24067914,696595392.00
2016-01-18,17.69,18.23,17.47,17.73,21498633,600503872.00
2016-01-19,17.75,18.72,17.64,18.41,21806148,619797760.00
2016-01-20,18.33,18.53,17.63,17.89,23014583,649803584.00
2016-01-21,17.62,18.02,17.21,17.22,21196691,584255360.00
2016-01-22,17.46,17.49,16.87,17.25,16937202,456262208.00
2016-01-25,17.35,17.53,17.25,17.33,9353881,255115184.00
2016-01-26,17.23,17.35,16.38,16.43,19729485,521849856.00
2016-01-27,16.53,16.82,15.97,16.69,18425264,476125024.00
2016-01-28,16.55,17.18,16.45,16.87,13262052,351633312.00
2016-01-29,16.77,17.53,16.67,17.41,12192388,331295232.00
2016-02-01,17.41,17.57,17.27,17.43,8426900,230327632.00
2016-02-02,17.43,17.85,17.40,17.61,10567871,293500224.00
2016-02-03,17.52,17.59,17.07,17.31,13041001,353568896.00
2016-02-04,17.35,17.65,17.27,17.39,9208826,252010640.00
2016-02-05,17.47,17.65,17.38,17.48,10029004,275667520.00
2016-02-15,17.17,17.39,17.01,17.17,11744093,317039840.00
2016-02-16,17.42,17.73,17.27,17.69,13392115,368560320.00
2016-02-17,17.64,18.01,17.61,17.83,11642326,325527200.00
2016-02-18,17.95,18.06,17.72,17.77,6958189,194440096.00
2016-02-19,17.74,17.82,17.53,17.60,6615046,183255840.00
2016-02-22,17.86,17.97,17.55,17.89,11233411,313698016.00
2016-02-23,17.91,17.93,17.68,17.78,9740294,271761120.00
2016-02-24,17.73,17.84,17.41,17.76,8208646,226804320.00
2016-02-25,17.68,17.75,16.53,16.85,16250633,437138496.00
2016-02-26,16.93,17.14,16.84,17.09,9505338,253976912.00
2016-02-29,17.05,17.06,16.35,16.58,13187816,343619104.00
2016-03-01,16.63,17.18,16.59,17.17,11008693,294041824.00
2016-03-02,17.33,18.65,17.18,18.65,35574638,1016690688.00
2016-03-03,18.63,18.73,18.20,18.27,14825167,427886496.00
2016-03-04,18.39,19.03,18.23,18.61,26245662,767632512.00
2016-03-07,18.67,19.15,18.43,18.69,11665002,342677216.00
2016-03-08,18.70,18.73,18.05,18.43,9247334,265065472.00
2016-03-09,18.23,18.77,18.08,18.39,9429059,273531616.00
2016-03-10,18.37,18.97,18.33,18.55,10550977,307604928.00
2016-03-11,18.43,18.79,18.34,18.53,6235392,181117664.00
2016-03-14,18.76,19.30,18.75,18.90,16184907,482072256.00
2016-03-15,19.05,19.07,18.53,18.96,11624030,342046176.00
2016-03-16,18.94,18.94,18.60,18.71,7424657,217418592.00
2016-03-17,18.87,19.19,18.82,19.10,10487447,311932960.00
2016-03-18,19.27,19.51,19.01,19.23,24572539,738878016.00
2016-03-21,19.30,19.59,19.21,19.45,19835515,600612480.00
2016-03-22,19.50,19.83,19.39,19.56,13510527,413263136.00
2016-03-23,19.39,19.60,19.19,19.39,9657849,292222912.00
2016-03-24,19.22,20.03,19.05,19.78,21918238,666782848.00
2016-03-25,19.60,20.31,19.57,20.13,16853836,526500832.00
2016-03-28,20.54,20.71,19.53,19.60,25684031,803340032.00
2016-03-29,19.70,19.72,19.07,19.19,16149949,488349312.00
2016-03-30,19.31,19.57,19.19,19.55,19376003,586461120.00
2016-03-31,19.65,20.13,19.65,19.77,20354021,631765056.00
2016-04-01,19.87,19.87,19.33,19.59,10261031,313282080.00
2016-04-05,19.37,19.83,19.37,19.73,14647165,449341184.00
2016-04-06,19.67,19.85,19.57,19.70,11321474,348560320.00
2016-04-07,19.74,19.82,19.23,19.27,14125067,429399328.00
2016-04-08,19.20,19.42,19.09,19.21,8435194,253197760.00
2016-04-11,19.35,19.57,19.33,19.47,15007611,456355584.00
2016-04-12,19.47,19.56,19.33,19.51,8291086,251867136.00
2016-04-13,19.60,19.92,19.55,19.65,18590698,573945600.00
2016-04-14,19.73,19.91,19.67,19.81,11793469,364153504.00
2016-04-15,19.83,19.93,19.73,19.84,8702882,269355552.00
2016-04-18,19.84,19.84,19.50,19.61,9097038,278480448.00
2016-04-19,19.67,19.77,19.47,19.72,7885010,240876608.00
2016-04-20,19.72,19.72,18.87,19.12,20241714,606508928.00
2016-04-21,19.07,19.25,18.97,19.03,8115302,242668320.00
2016-04-22,18.93,19.82,18.91,19.73,14925480,455267200.00
2016-04-25,19.73,20.23,19.67,20.00,21088323,659180160.00
2016-04-26,20.02,20.33,19.93,20.12,10523476,330326176.00
2016-04-27,20.05,20.18,19.81,19.85,10963294,341910720.00
2016-04-28,19.95,20.22,19.56,19.72,13898550,429000128.00
2016-04-29,19.88,20.71,19.88,20.60,25404055,809800960.00
2016-05-03,20.67,21.92,20.67,21.76,29626941,991403712.00
2016-05-04,21.40,21.73,21.07,21.17,27683061,917913728.00
2016-05-05,21.25,21.36,21.10,21.19,19547683,644939328.00
2016-05-06,20.97,21.14,20.35,20.35,38785799,804154752.00
2016-05-09,20.08,20.70,19.99,20.35,32284589,656633600.00
2016-05-10,20.40,21.59,20.15,21.08,48148741,1008644032.00
2016-05-11,21.16,22.21,21.09,21.96,58911733,1280862720.00
2016-05-12,21.60,22.55,21.30,21.90,40702798,895938432.00
2016-05-13,21.81,22.23,21.42,21.51,21455461,467593184.00
2016-05-16,21.51,22.00,21.51,21.80,17884946,388807840.00
2016-05-17,21.65,21.80,21.30,21.35,18828846,404102272.00
2016-06-01,23.10,23.45,22.44,22.86,79182460,1815074176.00
2016-06-02,22.71,22.88,22.36,22.56,38735296,873208192.00
2016-06-03,22.56,23.23,22.45,23.08,36714646,841547712.00
2016-06-06,23.10,24.03,23.00,23.73,44767955,1056676672.00
2016-06-07,23.73,23.83,23.00,23.13,37615544,872772096.00
2016-06-08,23.00,23.00,22.50,22.68,27385702,620325696.00
2016-06-13,22.41,22.83,22.25,22.30,27585859,620447232.00
2016-06-14,22.30,22.69,22.11,22.58,20476417,459586304.00
2016-06-15,22.16,23.06,22.13,22.78,28236018,641982592.00
2016-06-16,22.64,22.71,22.18,22.36,17580475,393835712.00
2016-06-17,22.77,22.90,22.22,22.43,27595876,622869376.00
2016-06-20,22.26,23.03,22.21,22.96,36062846,818210688.00
2016-06-21,22.99,23.15,22.63,22.72,23291425,534140256.00
2016-06-22,22.61,23.03,22.54,22.96,18079780,413277504.00
2016-06-23,22.95,23.03,22.60,22.70,17928263,408680864.00
2016-06-24,22.74,23.23,22.50,22.83,39087493,896873344.00
2016-06-27,22.66,23.87,22.66,23.64,41463643,972892288.00
2016-06-28,23.52,23.52,22.97,23.35,50758050,1180515200.00
2016-06-29,23.28,23.47,23.09,23.37,31857127,741261888.00
2016-06-30,23.44,23.78,23.23,23.72,51989503,1223986816.00
2016-07-01,23.79,24.63,23.79,24.08,47416456,1150129024.00
2016-07-04,24.01,25.08,23.93,24.45,65046066,1598368640.00
2016-07-05,24.55,24.59,24.02,24.10,42663992,1030258624.00
2016-07-06,24.05,24.46,23.86,24.38,40593291,980967040.00
2016-07-07,24.45,24.96,24.33,24.44,59545975,1471120384.00
2016-07-08,24.62,24.75,24.05,24.15,37377178,907840192.00
2016-07-11,24.35,25.22,24.16,24.96,66505083,1655500544.00
2016-07-12,25.05,27.46,24.98,27.46,115331093,3078896896.00
2016-07-13,27.87,28.69,27.05,27.35,89421783,2479972864.00
2016-07-14,27.16,27.65,26.77,27.04,45623148,1237514496.00
2016-07-15,27.06,29.57,27.06,28.65,86992561,2457773312.00
2016-07-18,28.39,29.29,28.01,28.46,55213848,1577573120.00
2016-07-19,28.32,28.55,27.11,27.45,60078343,1661231104.00
2016-07-20,27.49,27.78,27.01,27.30,31844826,867872000.00
2016-07-21,27.58,29.29,27.50,28.07,64280665,1825547520.00
2016-07-22,28.10,28.30,27.00,27.28,52475526,1443097728.00
2016-07-25,27.01,27.43,26.62,26.66,47954066,1291139328.00
2016-07-26,26.69,27.63,26.40,27.54,63149661,1709602176.00
2016-07-27,27.60,27.70,26.36,26.96,61224194,1657006208.00
2016-07-28,26.96,28.38,26.80,27.78,80619290,2243058176.00
2016-07-29,27.78,28.80,27.52,28.20,72082505,2041009408.00
2016-08-01,28.04,28.58,27.51,27.76,47797885,1335042432.00
2016-08-02,27.68,27.74,26.97,27.60,43686022,1192078720.00
2016-08-03,27.42,28.08,27.27,28.01,37767455,1048249152.00
2016-08-04,27.85,28.12,27.53,27.69,35255512,977595392.00
2016-08-05,27.65,28.46,27.56,27.97,44837432,1259936256.00
2016-08-08,27.96,27.96,27.18,27.69,34470242,947532736.00
2016-08-09,27.89,28.05,27.33,27.83,33570092,929091200.00
2016-08-10,27.68,27.99,27.09,27.23,43563723,1196222208.00
2016-08-11,27.26,27.59,27.16,27.24,29570906,809177472.00
2016-08-12,27.24,27.35,26.40,27.04,49373286,1323216768.00
2016-08-15,27.05,28.03,26.65,27.92,67775783,1862533888.00
2016-08-16,28.01,29.15,28.01,28.35,69474666,1990160768.00
2016-08-17,28.60,29.10,28.27,28.43,45391157,1301493504.00
2016-08-18,28.36,28.49,27.84,28.07,35350670,991996032.00
2016-08-19,27.94,28.28,27.68,27.86,27703782,772131776.00
2016-08-22,27.86,27.86,27.32,27.42,25824868,710455360.00
2016-08-23,27.50,28.08,27.40,27.63,27643936,767354048.00
2016-08-24,27.70,27.79,27.21,27.30,22811351,624708672.00
2016-08-25,27.25,27.73,27.00,27.50,22906820,625824448.00
2016-08-26,27.49,27.73,27.13,27.22,20064586,550993536.00
2016-08-29,27.18,27.33,26.88,27.05,21566295,583192640.00
2016-08-30,27.05,27.20,26.71,26.87,24497489,658946880.00
2016-08-31,27.05,27.68,27.03,27.40,36784708,1008493440.00
2016-09-01,27.33,27.62,27.15,27.47,25285622,693932736.00
2016-09-02,27.78,28.07,26.91,27.12,37396799,1022135936.00
2016-09-05,27.13,27.54,26.90,27.43,28757195,786319424.00
2016-09-06,27.30,27.44,26.90,27.31,30546714,828005760.00
2016-09-07,27.29,27.38,27.11,27.23,19284352,525836832.00
2016-09-08,27.23,27.45,27.09,27.21,20133941,548851328.00
2016-09-09,27.27,27.27,26.98,27.02,18190721,492979424.00
2016-09-12,26.74,26.74,26.11,26.29,35950103,947670592.00
2016-09-13,26.46,26.55,26.27,26.34,16457280,434327968.00
2016-09-14,26.21,26.21,25.18,25.40,39798629,1021454464.00
2016-09-19,25.40,26.25,25.39,26.00,26556893,690391424.00
2016-09-20,26.08,26.08,25.74,25.91,9971872,258218032.00
2016-09-21,26.01,26.05,25.88,25.97,9294078,241438464.00
2016-09-22,26.10,26.33,25.93,26.15,22010478,575505664.00
2016-09-23,26.21,26.36,26.12,26.26,13288004,348663680.00
2016-09-26,26.25,26.31,26.00,26.02,11500682,301076064.00
2016-09-27,25.86,26.20,25.76,26.16,10749633,279575520.00
2016-09-28,26.24,26.40,26.12,26.19,11223630,294764800.00
2016-09-29,26.29,26.55,26.20,26.50,12280360,324708064.00
2016-09-30,26.59,27.17,26.51,27.01,20465989,552535488.00
2016-10-10,27.18,27.20,26.52,26.95,25921181,696636608.00
2016-10-11,26.90,27.14,26.68,27.00,22004789,592388992.00
2016-10-12,26.98,26.98,26.76,26.81,12125548,325080768.00
2016-10-13,26.87,26.87,26.29,26.30,22568949,597663616.00
2016-10-14,26.32,26.52,26.25,26.37,17300794,456589376.00
2016-10-17,26.48,26.53,26.21,26.27,14033212,370332576.00
2016-10-18,26.10,26.36,26.05,26.35,22703193,594479936.00
2016-10-19,26.36,26.39,26.08,26.14,15399856,403273952.00
2016-10-20,26.14,26.34,25.99,26.25,15570390,407467360.00
2016-10-21,26.18,26.53,26.16,26.38,23097359,608799360.00
2016-10-24,26.53,26.75,26.39,26.66,34696954,922414272.00
2016-10-25,26.66,26.88,26.53,26.80,29063381,777320448.00
2016-10-26,26.80,26.85,26.59,26.67,18388687,491053888.00
2016-10-27,26.66,26.70,26.40,26.68,12449359,330062944.00
2016-10-28,26.64,26.83,26.49,26.76,20745154,553742336.00
2016-10-31,26.86,27.19,26.67,27.15,41947232,1131912576.00
2016-11-01,27.20,27.91,27.17,27.77,40892220,1127865216.00
2016-11-02,27.71,27.71,27.30,27.48,23445241,645368448.00
2016-11-03,27.30,27.69,27.30,27.40,15732378,433094880.00
2016-11-04,27.30,27.56,26.98,26.99,20128149,547120448.00
2016-11-07,27.02,27.10,26.76,26.95,14285566,384758720.00
2016-11-08,27.03,27.60,27.03,27.40,18522343,506591232.00
2016-11-09,27.49,27.49,26.90,27.18,21096697,573731136.00
2016-11-10,27.30,27.74,27.30,27.57,22722922,627256000.00
2016-11-11,27.55,27.70,27.29,27.43,19100786,524189184.00
2016-11-14,27.56,27.63,26.98,27.10,32829345,893464384.00
2016-11-15,27.05,27.09,26.87,27.00,23755301,639687104.00
2016-11-16,27.00,27.07,26.86,26.94,11325381,305149824.00
2016-11-17,27.00,27.18,26.85,27.00,16811777,453307136.00
2016-11-18,27.02,27.22,26.93,27.13,14911388,403465280.00
2016-11-21,27.13,27.78,27.13,27.58,35242593,970001600.00
2016-11-22,27.61,27.78,27.40,27.44,17065789,470056096.00
2016-11-23,27.47,28.20,27.47,28.05,45671206,1277341696.00
2016-11-24,27.80,29.50,27.69,28.98,77506821,2227223808.00
2016-11-25,28.89,29.30,28.20,29.00,35865533,1035308672.00
2016-11-28,29.35,30.49,28.80,30.12,80168715,2371494656.00
2016-11-29,30.00,32.25,29.87,31.47,120873013,3777693440.00
2016-11-30,31.09,31.31,30.14,30.28,60767554,1851255168.00
2016-12-01,31.30,32.20,30.40,30.85,90766574,2828150272.00
2016-12-02,31.00,31.00,29.54,29.87,50794271,1521112064.00
2016-12-05,28.39,29.28,28.30,28.62,58194538,1672072960.00
2016-12-06,28.82,29.42,28.79,28.87,32569360,948520320.00
2016-12-07,28.89,29.22,28.72,28.89,23746911,687204416.00
2016-12-08,29.04,29.35,28.90,29.11,26205361,763643712.00
2016-12-09,29.22,30.56,29.13,30.18,61417364,1840673536.00
2016-12-12,29.95,30.00,29.18,29.29,34994743,1034597376.00
2016-12-13,29.06,29.50,28.38,28.80,39018212,1126343808.00
2016-12-14,28.85,29.12,28.40,28.40,20756608,596990528.00
2016-12-15,28.28,28.30,27.50,27.83,29346213,818175232.00
2016-12-16,27.90,29.20,27.90,29.20,38413579,1090722560.00
2016-12-19,29.00,29.30,28.66,28.85,21110573,612115072.00
2016-12-20,28.84,29.03,28.02,28.23,21744842,618197952.00
2016-12-21,28.33,28.75,28.21,28.38,19134370,543882560.00
2016-12-22,28.34,28.60,28.06,28.38,14758889,418630592.00
2016-12-23,28.36,28.58,28.06,28.13,13529635,382057664.00
2016-12-26,28.10,28.35,27.91,28.31,16129045,453797728.00
2016-12-27,28.31,28.62,28.20,28.30,23458942,666870592.00
2016-12-28,28.30,28.37,27.90,28.07,17691965,496430272.00
2016-12-29,28.00,28.14,27.97,28.02,17665394,495542368.00
2016-12-30,28.05,28.32,27.90,28.17,17263516,485375904.00
2017-01-03,28.65,29.50,28.62,29.12,44108241,1282988928.00
2017-01-04,29.13,29.98,29.13,29.83,35806832,1057612160.00
2017-01-05,29.82,29.93,29.51,29.69,19176212,568420736.00
2017-01-06,29.69,29.69,29.20,29.39,19794180,580370048.00
2017-01-09,29.48,29.50,28.91,29.25,17747932,517889504.00
2017-01-10,29.00,29.41,29.00,29.18,16612513,484385888.00
2017-01-11,29.07,29.24,28.48,28.60,24037092,692519360.00
2017-01-12,28.60,28.85,28.18,28.20,25368155,721008960.00
2017-01-13,28.24,28.50,28.19,28.22,19486113,551763392.00
2017-01-16,28.22,28.62,27.79,28.25,29154002,823699840.00
2017-01-17,28.20,28.95,28.15,28.91,23461039,670703552.00
2017-01-18,28.76,29.52,28.76,29.14,33983685,996433472.00
2017-01-19,29.00,29.15,28.58,28.77,37098442,1069010752.00
2017-01-20,28.74,29.35,28.72,29.22,32630800,952583488.00
2017-01-23,29.36,29.48,28.90,28.96,25106865,732238784.00
2017-01-24,28.97,29.30,28.80,29.10,26808705,777495424.00
2017-01-25,29.03,29.59,28.96,29.40,28451758,836778112.00
2017-01-26,29.45,30.14,29.45,29.90,34191530,1022714688.00
2017-02-03,29.70,30.05,29.40,29.90,23840976,708232128.00
2017-02-06,29.90,30.46,29.86,29.99,29719260,896997440.00
2017-02-07,30.00,30.17,29.54,29.65,32400398,965184256.00
2017-02-08,29.65,30.07,29.58,29.88,25621590,763569856.00
2017-02-09,29.94,30.12,29.87,30.02,25101671,753527808.00
2017-02-10,30.10,30.48,29.99,30.12,26991885,814459136.00
2017-02-13,30.05,30.94,30.05,30.91,44650847,1368505984.00
2017-02-14,31.00,31.29,30.60,30.69,26523718,818126144.00
2017-02-15,30.83,31.45,30.70,31.06,30427042,947849152.00
2017-02-16,31.00,32.10,30.93,32.03,41327408,1302877952.00
2017-02-17,32.10,32.62,31.80,32.25,39304285,1264349056.00
2017-02-20,32.27,33.47,32.18,32.58,67515453,2228769536.00
2017-02-21,32.71,32.87,32.10,32.45,38615740,1252870400.00
2017-02-22,32.37,33.32,32.31,33.05,33187653,1093310976.00
2017-02-23,33.06,33.28,32.60,33.10,31137295,1025755648.00
2017-02-24,32.98,33.02,32.18,32.37,33884254,1099577984.00
2017-02-27,32.38,32.39,31.58,31.61,33444675,1065158528.00
2017-02-28,31.65,32.08,31.56,31.86,21088826,671010944.00
2017-03-01,31.80,32.05,31.79,32.03,19301163,615952768.00
2017-03-02,32.03,32.16,31.38,31.49,21626204,683771072.00
2017-03-03,31.49,31.73,31.13,31.72,29981615,942871488.00
2017-03-06,31.52,33.10,31.52,32.89,43259618,1406128896.00
2017-03-07,32.90,33.17,32.55,33.01,27466130,903570048.00
2017-03-08,33.18,33.58,32.80,33.28,36485727,1213541760.00
2017-03-09,33.30,33.68,32.88,32.92,23799594,788991168.00
2017-03-10,32.88,34.30,32.77,34.22,48077585,1624041088.00
2017-03-13,34.28,34.79,33.74,33.90,45004050,1537993472.00
2017-03-14,33.94,34.16,33.38,34.02,34191078,1154170240.00
2017-03-15,33.88,34.53,33.80,34.42,32086789,1096873472.00
2017-03-16,34.51,34.76,33.82,33.98,43333001,1478349824.00
2017-03-17,33.83,34.05,33.33,33.41,37922880,1274319104.00
2017-03-20,33.46,33.77,33.00,33.48,33955841,1130342528.00
2017-03-21,33.40,34.31,33.36,34.31,41419431,1403674496.00
2017-03-22,34.12,34.42,33.98,34.36,34298780,1173042304.00
2017-03-23,34.37,34.90,34.08,34.75,37418815,1291101056.00
2017-03-24,34.76,35.66,34.61,34.92,43208129,1520361472.00
2017-03-27,34.92,35.35,34.00,34.15,34969871,1210503424.00
2017-03-28,34.10,34.30,33.67,33.95,35172768,1190715904.00
2017-03-29,33.95,34.09,33.29,33.80,40609335,1368888704.00
2017-03-30,33.75,33.86,32.81,33.13,44539893,1482720640.00
2017-03-31,33.13,33.59,32.83,33.30,39796406,1321769344.00
数据来源:通达信
